canonical_key	sample_total	Latn	Cyrl	Grek	Arab	CJK_Han	Jpan_kana	Hang	Deva	Hebr	Thai	Armn	Geor	Beng	Taml	Telu	Knda	Mlym	Gujr	Guru	Mymr	substrate	partial_utf8	non_text	mixed_scripts	no_modeled_script
aau_Latn	1244700	86.4339	0.0000	0.0000	0.0000	0.0000	0.0000	0.0000	0.0000	0.0000	0.0000	0.0000	0.0000	0.0000	0.0000	0.0000	0.0000	0.0000	0.0000	0.0000	0.0000	13.5580	0.0080	0.0000	0.0000	0.0000
abq_Cyrl	2427955	9.1854	85.1202	0.0000	0.0000	0.0000	0.0000	0.0000	0.0000	0.0000	0.0000	0.0000	0.0000	0.0000	0.0000	0.0000	0.0000	0.0000	0.0000	0.0000	0.0000	5.5253	0.1602	0.0000	0.0000	0.0090
abz_Latn	168777	85.0347	0.0000	0.0000	0.0000	0.0000	0.0000	0.0000	0.0000	0.0000	0.0000	0.0000	0.0000	0.0000	0.0000	0.0000	0.0000	0.0000	0.0000	0.0000	0.0000	14.9452	0.0201	0.0000	0.0000	0.0000
ada_Latn	2862574	53.9225	0.0000	0.0000	0.0015	0.0076	0.0000	0.0000	0.0000	0.0007	0.0000	0.0000	0.0000	0.0000	0.0000	0.0000	0.0000	0.0000	0.0000	0.0000	0.0000	8.1236	37.9442	0.0000	0.0000	0.0000
ade_Latn	64495	89.0829	0.0000	0.0000	0.0000	0.0000	0.0000	0.0000	0.0000	0.0000	0.0000	0.0000	0.0000	0.0000	0.0000	0.0000	0.0000	0.0000	0.0000	0.0000	0.0000	10.2163	0.7008	0.0000	0.0000	0.0000
aey_Latn	925528	87.1043	0.0019	0.0009	0.0021	0.0013	0.0018	0.0000	0.0024	0.0010	0.0010	0.0000	0.0000	0.0013	0.0000	0.0000	0.0000	0.0000	0.0000	0.0000	0.0000	12.7415	0.1406	0.0000	0.0000	0.0000
agu_Latn	1342425	83.0461	0.0000	0.0000	0.0000	0.0000	0.0000	0.0000	0.0000	0.0000	0.0000	0.0000	0.0000	0.0000	0.0000	0.0000	0.0000	0.0000	0.0000	0.0000	0.0000	15.6308	1.3231	0.0000	0.0000	0.0000
als_Latn	1004422797	90.4015	0.0616	0.0097	0.0429	0.0051	0.0014	0.0005	0.0002	0.0003	0.0003	0.0001	0.0000	0.0000	0.0000	0.0000	0.0000	0.0000	0.0000	0.0000	0.0000	9.3096	0.1662	0.0000	0.0001	0.0003
alt_Cyrl	10408440	1.2979	71.4563	0.0017	0.0002	0.0003	0.0000	0.0000	0.0000	0.0000	0.0000	0.0000	0.0000	0.0000	0.0000	0.0000	0.0000	0.0000	0.0000	0.0000	0.0000	11.7469	15.4765	0.0000	0.0000	0.0202
apw_Latn	263299	75.6288	0.0000	0.0000	0.0000	0.0000	0.0000	0.0000	0.0000	0.0000	0.0000	0.0000	0.0000	0.0000	0.0000	0.0000	0.0000	0.0000	0.0000	0.0000	0.0000	15.9439	8.4273	0.0000	0.0000	0.0000
arn_Latn	2747750	85.0677	0.0003	0.0004	0.0000	0.0023	0.0000	0.0000	0.0000	0.0001	0.0003	0.0000	0.0000	0.0000	0.0000	0.0000	0.0000	0.0000	0.0000	0.0000	0.0000	11.7883	3.1404	0.0000	0.0000	0.0003
asm_Beng	404291584	0.7182	0.0002	0.0002	0.0670	0.0002	0.0001	0.0000	0.0474	0.0000	0.0001	0.0000	0.0000	67.2217	0.0003	0.0003	0.0004	0.0004	0.0005	0.0004	0.0000	5.4052	26.5372	0.0000	0.0000	0.0000
asm_Latn	1052656	88.7939	0.0051	0.0000	0.0000	0.0000	0.0000	0.0000	0.0380	0.0000	0.0000	0.0000	0.0000	1.3465	0.0000	0.0017	0.0000	0.0000	0.0000	0.0333	0.0000	8.7106	1.0708	0.0000	0.0000	0.0000
aso_Latn	1101522	74.4641	0.0000	0.0000	0.0000	0.0000	0.0000	0.0000	0.0000	0.0000	0.0000	0.0000	0.0000	0.0000	0.0000	0.0000	0.0000	0.0000	0.0000	0.0000	0.0000	14.5885	10.9475	0.0000	0.0000	0.0000
att_Latn	495789	88.7968	0.0000	0.0000	0.0000	0.0000	0.0000	0.0000	0.0000	0.0000	0.0000	0.0000	0.0000	0.0000	0.0000	0.0000	0.0000	0.0000	0.0000	0.0000	0.0000	11.2015	0.0016	0.0000	0.0000	0.0000
ava_Cyrl	18232626	5.2525	86.2093	0.0190	0.0171	0.0002	0.0000	0.0001	0.0000	0.0005	0.0000	0.0004	0.0021	0.0000	0.0000	0.0000	0.0000	0.0000	0.0000	0.0000	0.0000	7.9709	0.0682	0.0000	0.0000	0.4597
awb_Latn	376828	91.7251	0.0000	0.0000	0.0000	0.0000	0.0000	0.0000	0.0000	0.0000	0.0000	0.0000	0.0000	0.0000	0.0000	0.0000	0.0000	0.0000	0.0000	0.0000	0.0000	8.2377	0.0372	0.0000	0.0000	0.0000
bao_Latn	907806	61.8542	0.0000	0.0000	0.0000	0.0000	0.0000	0.0000	0.0000	0.0000	0.0000	0.0000	0.0000	0.0000	0.0000	0.0000	0.0000	0.0000	0.0000	0.0000	0.0000	8.9775	29.1683	0.0000	0.0000	0.0000
bdq_Latn	21036	85.3394	0.0000	0.0000	0.0000	0.0000	0.0000	0.0000	0.0000	0.0000	0.0000	0.0000	0.0000	0.0000	0.0000	0.0000	0.0000	0.0000	0.0000	0.0000	0.0000	10.1540	4.2879	0.0000	0.0000	0.2187
bkq_Latn	249865	89.5872	0.0000	0.0000	0.0000	0.0000	0.0000	0.0000	0.0000	0.0000	0.0000	0.0000	0.0000	0.0000	0.0000	0.0000	0.0000	0.0000	0.0000	0.0000	0.0000	10.4120	0.0008	0.0000	0.0000	0.0000
bno_Latn	219217	89.2896	0.0000	0.0000	0.0000	0.0000	0.0000	0.0000	0.0000	0.0000	0.0000	0.0000	0.0000	0.0000	0.0000	0.0000	0.0000	0.0000	0.0000	0.0000	0.0000	10.3386	0.3718	0.0000	0.0000	0.0000
box_Latn	129542	71.6293	0.0000	0.0000	0.0000	0.0000	0.0000	0.0000	0.0000	0.0000	0.0000	0.0000	0.0000	0.0000	0.0000	0.0000	0.0000	0.0000	0.0000	0.0000	0.0000	6.6712	21.6995	0.0000	0.0000	0.0000
brh_Arab	6844343	7.9444	0.0020	0.0004	78.6376	0.0007	0.0000	0.0000	0.1325	0.0000	0.0000	0.0000	0.0003	0.0000	0.0000	0.0000	0.0000	0.0000	0.0000	0.0000	0.0000	8.8059	3.3070	0.0000	0.0000	1.1690
bru_Latn	3362476	85.6001	0.0000	0.0000	0.0178	0.0009	0.0000	0.0001	0.0000	0.0000	0.0000	0.0000	0.0000	0.0000	0.0000	0.0000	0.0000	0.0000	0.0000	0.0000	0.0000	7.2151	7.1655	0.0000	0.0000	0.0006
btx_Latn	3098310	88.3910	0.0003	0.0002	0.0000	0.0000	0.0000	0.0000	0.0000	0.0009	0.0000	0.0000	0.0000	0.0000	0.0000	0.0000	0.0000	0.0000	0.0000	0.0000	0.0000	11.5937	0.0140	0.0000	0.0000	0.0000
buk_Latn	888247	64.2118	0.0001	0.0000	0.0000	0.0000	0.0000	0.0000	0.0000	0.0000	0.0000	0.0000	0.0000	0.0000	0.0000	0.0000	0.0000	0.0000	0.0000	0.0000	0.0000	9.9397	25.8484	0.0000	0.0000	0.0000
bum_Latn	1315757	85.4021	0.0000	0.0000	0.0000	0.0000	0.0000	0.0000	0.0000	0.0002	0.0000	0.0000	0.0000	0.0000	0.0000	0.0000	0.0000	0.0000	0.0000	0.0000	0.0000	14.0019	0.5959	0.0000	0.0000	0.0000
bwq_Latn	2107	58.6616	0.0000	0.0000	0.0000	0.0000	0.0000	0.0000	0.0000	0.0000	0.0000	0.0000	0.0000	0.0000	0.0000	0.0000	0.0000	0.0000	0.0000	0.0000	0.0000	8.6853	32.6531	0.0000	0.0000	0.0000
byr_Latn	3020576	51.7738	0.0000	0.0000	0.0000	0.0000	0.0000	0.0000	0.0000	0.0000	0.0000	0.0000	0.0000	0.0000	0.0000	0.0000	0.0000	0.0000	0.0000	0.0000	0.0000	5.9138	42.3124	0.0000	0.0000	0.0000
bzd_Latn	259939	61.0589	0.0000	0.0000	0.0000	0.0000	0.0000	0.0023	0.0000	0.0000	0.0646	0.0000	0.0000	0.0000	0.0000	0.0000	0.0000	0.0000	0.0000	0.0000	0.0000	15.0739	23.8002	0.0000	0.0000	0.0000
cak_Latn	6396611	76.4600	0.0000	0.0000	0.0000	0.0000	0.0000	0.0002	0.0000	0.0000	0.0000	0.0000	0.0000	0.0000	0.0000	0.0000	0.0000	0.0000	0.0000	0.0000	0.0000	15.2069	8.3329	0.0000	0.0000	0.0000
cbc_Latn	1322234	70.6114	0.0002	0.0000	0.0000	0.0000	0.0000	0.0009	0.0000	0.0000	0.0000	0.0000	0.0000	0.0000	0.0000	0.0000	0.0000	0.0000	0.0000	0.0000	0.0000	6.9971	22.3904	0.0000	0.0000	0.0000
cbu_Latn	942993	87.7687	0.0000	0.0000	0.0000	0.0000	0.0000	0.0000	0.0000	0.0000	0.0000	0.0000	0.0000	0.0000	0.0000	0.0000	0.0000	0.0000	0.0000	0.0000	0.0000	12.2287	0.0025	0.0000	0.0000	0.0000
chd_Latn	881516	67.8621	0.0000	0.0000	0.0000	0.0000	0.0000	0.0000	0.0000	0.0000	0.0000	0.0000	0.0000	0.0000	0.0000	0.0000	0.0000	0.0000	0.0000	0.0000	0.0000	19.1692	12.9687	0.0000	0.0000	0.0000
cpc_Latn	274252	87.1341	0.0000	0.0000	0.0000	0.0000	0.0000	0.0000	0.0000	0.0000	0.0000	0.0000	0.0000	0.0000	0.0000	0.0000	0.0000	0.0000	0.0000	0.0000	0.0000	12.6836	0.1823	0.0000	0.0000	0.0000
cpy_Latn	537240	88.3246	0.0000	0.0000	0.0000	0.0000	0.0000	0.0000	0.0000	0.0000	0.0000	0.0000	0.0000	0.0000	0.0000	0.0000	0.0000	0.0000	0.0000	0.0000	0.0000	11.5086	0.1668	0.0000	0.0000	0.0000
crt_Latn	4062	77.6465	0.0000	0.0000	0.0000	0.0000	0.0000	0.0000	0.0000	0.0000	0.0000	0.0000	0.0000	0.0000	0.0000	0.0000	0.0000	0.0000	0.0000	0.0000	0.0000	20.2856	2.0679	0.0000	0.0000	0.0000
csb_Latn	10105279	85.9585	0.0609	0.0054	0.0012	0.0071	0.0013	0.0075	0.0003	0.0015	0.0001	0.0004	0.0001	0.0000	0.0001	0.0000	0.0002	0.0000	0.0000	0.0000	0.0000	12.7157	1.2385	0.0000	0.0000	0.0010
cux_Latn	154960	65.9732	0.0000	0.0000	0.0000	0.0000	0.0000	0.0000	0.0000	0.0000	0.0000	0.0000	0.0000	0.0000	0.0000	0.0000	0.0000	0.0000	0.0000	0.0000	0.0000	8.6319	25.3536	0.0000	0.0000	0.0413
cya_Latn	674411	75.9736	0.0000	0.0000	0.0000	0.0000	0.0000	0.0000	0.0000	0.0000	0.0000	0.0000	0.0000	0.0000	0.0000	0.0000	0.0000	0.0000	0.0000	0.0000	0.0000	20.1466	3.8798	0.0000	0.0000	0.0000
czt_Latn	131416	88.4588	0.0000	0.0000	0.0000	0.0145	0.0000	0.0000	0.0000	0.0000	0.0000	0.0000	0.0000	0.0000	0.0000	0.0000	0.0000	0.0000	0.0000	0.0000	0.1560	11.0618	0.3089	0.0000	0.0000	0.0000
dah_Latn	1089576	64.8152	0.0000	0.0000	0.0000	0.0000	0.0000	0.0000	0.0000	0.0000	0.0000	0.0000	0.0000	0.0000	0.0000	0.0000	0.0000	0.0000	0.0000	0.0000	0.0000	8.2081	26.9767	0.0000	0.0000	0.0000
ddg_Latn	30604	83.9825	0.0000	0.0000	0.0000	0.0000	0.0000	0.0000	0.0000	0.0000	0.0000	0.0000	0.0000	0.0000	0.0000	0.0000	0.0000	0.0000	0.0000	0.0000	0.0000	16.0175	0.0000	0.0000	0.0000	0.0000
div_Thaa	1039412057	0.0480	0.0000	0.0000	0.0364	0.0000	0.0000	0.0000	0.0000	0.0000	0.0000	0.0000	0.0000	0.0000	0.0000	0.0000	0.0000	0.0000	0.0000	0.0000	0.0000	6.5701	93.3453	0.0000	0.0000	0.0001
dos_Latn	4736	44.0667	0.0000	0.0000	0.0000	0.0000	0.0000	0.0000	0.0000	0.0000	0.0000	0.0000	0.0000	0.0000	0.0000	0.0000	0.0000	0.0000	0.0000	0.0000	0.0000	6.3978	49.5355	0.0000	0.0000	0.0000
dty_Deva	1139586	0.5485	0.0159	0.0020	0.0129	0.0036	0.0008	0.0006	83.5639	0.0008	0.0028	0.0008	0.0005	0.0490	0.0026	0.0027	0.0005	0.0004	0.0006	0.0023	0.0005	11.6135	4.1738	0.0000	0.0000	0.0008
dyu_Latn	3015212	63.0428	0.0000	0.0000	0.0000	0.0000	0.0000	0.0000	0.0000	0.0001	0.0000	0.0000	0.0000	0.0000	0.0000	0.0000	0.0000	0.0000	0.0000	0.0000	0.0000	10.5201	26.4370	0.0000	0.0000	0.0000
ebk_Latn	77004	85.4930	0.0000	0.0000	0.0000	0.0000	0.0000	0.0000	0.0000	0.0000	0.0000	0.0000	0.0000	0.0000	0.0000	0.0000	0.0000	0.0000	0.0000	0.0000	0.0000	14.4031	0.1039	0.0000	0.0000	0.0000
enq_Latn	428656	82.8485	0.0000	0.0000	0.0000	0.0000	0.0000	0.0000	0.0000	0.0000	0.0000	0.0000	0.0000	0.0000	0.0000	0.0000	0.0000	0.0000	0.0000	0.0000	0.0000	17.0358	0.1157	0.0000	0.0000	0.0000
etr_Latn	217468	87.8281	0.0000	0.0000	0.0000	0.0000	0.0000	0.0000	0.0000	0.0000	0.0000	0.0000	0.0000	0.0000	0.0000	0.0000	0.0000	0.0000	0.0000	0.0000	0.0000	10.9083	1.2636	0.0000	0.0000	0.0000
ext_Latn	3838135	85.2335	0.0206	0.1791	0.0276	0.0072	0.0024	0.0025	0.0041	0.0060	0.0017	0.0001	0.0004	0.0002	0.0010	0.0000	0.0000	0.0000	0.0000	0.0001	0.0000	14.2294	0.2686	0.0000	0.0000	0.0154
fal_Latn	543987	84.9925	0.0000	0.0000	0.0000	0.0000	0.0000	0.0000	0.0000	0.0000	0.0000	0.0000	0.0000	0.0000	0.0000	0.0000	0.0000	0.0000	0.0000	0.0000	0.0000	12.1946	2.8129	0.0000	0.0000	0.0000
fas_Arab	1001760640	1.0084	0.0068	0.0006	88.6391	0.0009	0.0003	0.0006	0.0009	0.0003	0.0000	0.0001	0.0000	0.0001	0.0001	0.0000	0.0000	0.0000	0.0000	0.0000	0.0000	10.2176	0.1236	0.0000	0.0000	0.0005
fuh_Latn	624119	72.1047	0.0000	0.0006	0.0051	0.0000	0.0000	0.0000	0.0000	0.0000	0.0000	0.0000	0.0000	0.0000	0.0000	0.0000	0.0000	0.0000	0.0000	0.0000	0.0000	10.1658	17.7237	0.0000	0.0000	0.0000
glv_Latn	4896032	85.6858	0.0327	0.0154	0.0042	0.0095	0.0052	0.0004	0.0033	0.0065	0.0007	0.0009	0.0009	0.0006	0.0002	0.0001	0.0001	0.0002	0.0001	0.0003	0.0000	14.1254	0.1045	0.0000	0.0001	0.0028
gmh_Latn	1008270942	97.0598	0.0005	0.0001	0.0002	0.0000	0.0000	0.0000	0.0000	0.0000	0.0000	0.0001	0.0000	0.0000	0.0000	0.0000	0.0000	0.0000	0.0000	0.0000	0.0000	2.9026	0.0365	0.0000	0.0000	0.0002
gmv_Ethi	750689	0.0000	0.0000	0.0000	0.0000	0.0000	0.0000	0.0016	0.0000	0.0000	0.0000	0.0000	0.0000	0.0000	0.0000	0.0000	0.0000	0.0000	0.0000	0.0000	0.0000	2.8743	97.1241	0.0000	0.0000	0.0000
gnd_Latn	910542	74.2811	0.0000	0.0000	0.0000	0.0000	0.0000	0.0000	0.0000	0.0000	0.0000	0.0000	0.0000	0.0000	0.0000	0.0000	0.0000	0.0000	0.0000	0.0000	0.0000	9.2274	16.4915	0.0000	0.0000	0.0000
gof_Ethi	240325	0.0054	0.0000	0.0000	0.0000	0.0000	0.0000	0.0000	0.0000	0.0000	0.0000	0.0000	0.0000	0.0000	0.0000	0.0000	0.0000	0.0000	0.0000	0.0000	0.0000	2.0955	97.8991	0.0000	0.0000	0.0000
goh_Latn	613209	87.3053	0.0228	0.0000	0.0013	0.1173	0.2110	0.0000	0.0000	0.0000	0.0000	0.0000	0.0000	0.0000	0.0000	0.0000	0.0000	0.0000	0.0000	0.0000	0.0000	11.7229	0.5900	0.0000	0.0000	0.0294
gqr_Latn	102276	54.5133	0.0000	0.0000	0.0000	0.0000	0.0000	0.0000	0.0000	0.0000	0.0000	0.0000	0.0000	0.0000	0.0000	0.0000	0.0000	0.0000	0.0000	0.0000	0.0000	13.0803	32.4064	0.0000	0.0000	0.0000
grc_Grek	128396354	1.3000	0.0089	56.5823	0.0023	0.0085	0.0126	0.1363	0.0001	0.0071	0.0000	0.0000	0.0000	0.0000	0.0000	0.0000	0.0000	0.0000	0.0000	0.0000	0.0000	6.0570	35.8827	0.0000	0.0013	0.0008
gud_Latn	18481	40.1061	0.0000	0.0000	0.0000	0.0000	0.0000	0.0000	0.0000	0.0000	0.0000	0.0000	0.0000	0.0000	0.0000	0.0000	0.0000	0.0000	0.0000	0.0000	0.0000	15.3725	44.5214	0.0000	0.0000	0.0000
guh_Latn	955042	92.0036	0.0000	0.0000	0.0000	0.0000	0.0000	0.0000	0.0000	0.0000	0.0000	0.0000	0.0000	0.0000	0.0000	0.0000	0.0000	0.0000	0.0000	0.0000	0.0000	7.9875	0.0069	0.0000	0.0020	0.0000
gui_Latn	864044	80.8034	0.0006	0.0000	0.0000	0.0000	0.0000	0.0000	0.0000	0.0000	0.0000	0.0000	0.0000	0.0000	0.0000	0.0000	0.0000	0.0000	0.0000	0.0000	0.0000	10.4260	8.7687	0.0000	0.0014	0.0000
guk_Ethi	960686	0.0014	0.0000	0.0000	0.0000	0.0000	0.0000	0.0000	0.0000	0.0000	0.0000	0.0000	0.0000	0.0000	0.0000	0.0000	0.0000	0.0000	0.0000	0.0000	0.0000	2.1469	97.8517	0.0000	0.0000	0.0000
gyr_Latn	124391	75.8399	0.0000	0.0000	0.0000	0.0000	0.0000	0.0000	0.0000	0.0000	0.0000	0.0000	0.0000	0.0000	0.0000	0.0000	0.0000	0.0000	0.0000	0.0000	0.0000	9.7587	14.4014	0.0000	0.0000	0.0000
hac_Arab	50174325	0.5306	0.0041	0.0001	49.5703	0.0001	0.0000	0.0000	0.0001	0.0001	0.0001	0.0000	0.0000	0.0001	0.0000	0.0000	0.0000	0.0001	0.0001	0.0000	0.0000	5.8407	43.7893	0.0000	0.0000	0.2641
hak_Latn	1554179	66.7132	0.2130	0.0171	0.0806	3.5600	0.0237	0.0384	0.0171	0.0104	0.0096	0.0036	0.0074	0.0064	0.0064	0.0012	0.0006	0.0048	0.0007	0.0026	0.0019	17.1487	12.1088	0.0000	0.0001	0.0239
haw_Latn	149331483	78.3299	0.0074	0.0045	0.0142	0.0159	0.0020	0.0017	0.0066	0.0023	0.0008	0.0001	0.0008	0.0001	0.0001	0.0001	0.0001	0.0002	0.0001	0.0001	0.0001	20.7183	0.1391	0.0000	0.0000	0.7556
hbo_Hebr	168628317	3.7639	0.0023	0.0687	0.2604	0.0019	0.0008	0.0000	0.0000	57.7323	0.0000	0.0000	0.0000	0.0000	0.0000	0.0000	0.0000	0.0000	0.0000	0.0000	0.0000	6.4461	31.7150	0.0000	0.0000	0.0085
her_Latn	1816557	88.4394	0.0000	0.0000	0.0000	0.0000	0.0000	0.0000	0.0000	0.0001	0.0000	0.0000	0.0000	0.0000	0.0000	0.0000	0.0000	0.0000	0.0000	0.0000	0.0000	9.2689	2.2912	0.0000	0.0000	0.0003
hmr_Latn	2700132	88.8158	0.0001	0.0006	0.0000	0.0000	0.0000	0.0030	0.0000	0.0000	0.0000	0.0000	0.0000	0.0000	0.0000	0.0000	0.0000	0.0000	0.0000	0.0000	0.0000	10.4724	0.7025	0.0000	0.0000	0.0057
hub_Latn	356739	88.9440	0.0000	0.0000	0.0000	0.0000	0.0000	0.0000	0.0000	0.0000	0.0000	0.0000	0.0000	0.0000	0.0000	0.0000	0.0000	0.0000	0.0000	0.0000	0.0000	11.0560	0.0000	0.0000	0.0000	0.0000
hun_Latn	1011798772	85.9415	0.0489	0.0025	0.0037	0.0027	0.0018	0.0009	0.0007	0.0015	0.0024	0.0000	0.0010	0.0000	0.0000	0.0000	0.0000	0.0000	0.0000	0.0000	0.0000	13.9363	0.0556	0.0000	0.0000	0.0005
ifb_Latn	486763	87.6192	0.0000	0.0000	0.0000	0.0000	0.0000	0.0000	0.0000	0.0000	0.0000	0.0000	0.0000	0.0000	0.0000	0.0000	0.0000	0.0000	0.0000	0.0000	0.0000	12.3808	0.0000	0.0000	0.0000	0.0000
ifk_Latn	884357	90.4429	0.0000	0.0000	0.0000	0.0000	0.0000	0.0000	0.0000	0.0000	0.0000	0.0000	0.0000	0.0000	0.0000	0.0000	0.0000	0.0000	0.0000	0.0000	0.0000	9.5551	0.0020	0.0000	0.0000	0.0000
inh_Cyrl	11368286	2.7480	80.4895	1.2558	0.2940	0.0010	0.0025	0.0002	0.0006	0.0016	0.0003	0.0013	0.0024	0.0200	0.0001	0.0000	0.0000	0.0000	0.0000	0.0001	0.0000	13.2702	1.2664	0.0001	0.0000	0.6458
ipk_Latn	62395	70.9400	0.3141	0.0000	0.0112	0.0192	0.0112	0.0016	0.0000	0.0000	0.0128	0.0000	0.0048	0.0000	0.0096	0.0000	0.0000	0.0000	0.0000	0.0000	0.0032	14.8634	13.8040	0.0000	0.0000	0.0048
jiv_Latn	538383	83.2043	0.0000	1.5903	0.0000	0.0000	0.0000	0.0000	0.0000	0.0000	0.0000	0.0000	0.0000	0.0000	0.0000	0.0000	0.0000	0.0000	0.0000	0.0000	0.0000	11.3068	3.8985	0.0000	0.0000	0.0000
kdc_Latn	171839	88.5364	0.0000	0.0000	0.0000	0.0000	0.0000	0.0000	0.0000	0.0000	0.0000	0.0000	0.0000	0.0000	0.0000	0.0000	0.0000	0.0000	0.0000	0.0000	0.0000	11.4636	0.0000	0.0000	0.0000	0.0000
kez_Latn	1123310	47.3048	0.0000	0.0000	0.0000	0.0000	0.0000	0.0000	0.0000	0.0000	0.0000	0.0000	0.0000	0.0000	0.0000	0.0000	0.0000	0.0000	0.0000	0.0000	0.0000	7.4535	45.2417	0.0000	0.0000	0.0000
kgp_Latn	346880	76.4132	0.0000	0.0000	0.0000	0.0000	0.0000	0.0000	0.0000	0.0000	0.0000	0.0000	0.0000	0.0000	0.0000	0.0000	0.0000	0.0000	0.0000	0.0000	0.0000	10.8320	12.7548	0.0000	0.0000	0.0000
kha_Latn	22633306	90.4875	0.0267	0.0002	0.0000	0.0000	0.0000	0.0000	0.0013	0.0000	0.0000	0.0000	0.0000	0.0000	0.0000	0.0000	0.0000	0.0000	0.0000	0.0000	0.0000	7.1345	2.3496	0.0000	0.0000	0.0001
kjs_Latn	516530	88.2758	0.0000	0.0000	0.0000	0.0000	0.0000	0.0000	0.0000	0.0000	0.0000	0.0000	0.0000	0.0000	0.0000	0.0000	0.0000	0.0000	0.0000	0.0000	0.0000	11.6955	0.0287	0.0000	0.0000	0.0000
kkc_Latn	704735	89.0935	0.0000	0.0000	0.0000	0.0000	0.0000	0.0000	0.0000	0.0000	0.0000	0.0000	0.0000	0.0000	0.0000	0.0000	0.0000	0.0000	0.0000	0.0000	0.0000	10.8960	0.0105	0.0000	0.0000	0.0000
kkl_Latn	198027	86.9806	0.0000	0.0000	0.0000	0.0000	0.0000	0.0000	0.0000	0.0000	0.0000	0.0000	0.0000	0.0000	0.0000	0.0000	0.0000	0.0000	0.0000	0.0000	0.0000	13.0083	0.0111	0.0000	0.0000	0.0000
kmg_Latn	1558013	71.1343	0.0000	0.0000	0.0000	0.0000	0.0000	0.0000	0.0000	0.0000	0.0000	0.0000	0.0000	0.0000	0.0000	0.0000	0.0000	0.0000	0.0000	0.0000	0.0000	8.5749	20.2908	0.0000	0.0000	0.0000
kmh_Latn	1604899	61.0412	0.0000	0.0000	0.0000	0.0000	0.0000	0.0000	0.0000	0.0000	0.0000	0.0000	0.0000	0.0000	0.0000	0.0000	0.0000	0.0000	0.0000	0.0000	0.0000	9.6351	29.3237	0.0000	0.0000	0.0000
kpf_Latn	577148	74.7966	0.0000	0.0000	0.0000	0.0000	0.0000	0.0000	0.0000	0.0000	0.0000	0.0000	0.0000	0.0000	0.0000	0.0000	0.0000	0.0000	0.0000	0.0000	0.0000	9.7433	15.4602	0.0000	0.0000	0.0000
kpr_Latn	980757	85.5114	0.0000	0.0000	0.0000	0.0000	0.0000	0.0000	0.0000	0.0000	0.0000	0.0000	0.0000	0.0000	0.0000	0.0000	0.0000	0.0000	0.0000	0.0000	0.0000	14.4435	0.0451	0.0000	0.0000	0.0000
kql_Latn	4215	58.8849	0.0000	0.0000	0.0000	0.0000	0.0000	0.0000	0.0000	0.0000	0.0000	0.0000	0.0000	0.0000	0.0000	0.0000	0.0000	0.0000	0.0000	0.0000	0.0000	11.6489	29.4662	0.0000	0.0000	0.0000
kqn_Latn	866572	87.8492	0.0000	0.0003	0.0000	0.0000	0.0000	0.0000	0.0000	0.0002	0.0000	0.0000	0.0000	0.0000	0.0000	0.0000	0.0000	0.0000	0.0000	0.0000	0.0000	11.9427	0.2075	0.0000	0.0000	0.0000
kri_Latn	73924	63.7858	0.0000	0.1163	0.0000	0.0000	0.0000	0.0000	0.0000	0.1366	0.0000	0.0000	0.0000	0.0000	0.0000	0.0000	0.0000	0.0000	0.0000	0.0000	0.0000	5.9169	30.0444	0.0000	0.0000	0.0000
krx_Latn	12092	80.8303	0.0000	0.0000	0.0000	0.0000	0.0000	0.0000	0.0000	0.0000	0.0000	0.0000	0.0000	0.0000	0.0000	0.0000	0.0000	0.0000	0.0000	0.0000	0.0000	10.9742	8.1955	0.0000	0.0000	0.0000
ksd_Latn	1513752	87.9647	0.0000	0.0000	0.0000	0.0000	0.0000	0.0000	0.0000	0.0000	0.0000	0.0000	0.0000	0.0000	0.0000	0.0000	0.0000	0.0000	0.0000	0.0000	0.0000	12.0229	0.0124	0.0000	0.0000	0.0000
ksw_Mymr	8597128	1.8914	0.0030	0.0000	0.0001	0.0000	0.0000	0.0000	0.0000	0.0000	0.0000	0.0000	0.0000	0.0000	0.0000	0.0000	0.0000	0.0000	0.0000	0.0000	27.7218	4.0725	66.3112	0.0000	0.0000	0.0000
ktb_Ethi	6423	0.0000	0.0000	0.0000	0.0000	0.0000	0.0000	0.0000	0.0000	0.0000	0.0000	0.0000	0.0000	0.0000	0.0000	0.0000	0.0000	0.0000	0.0000	0.0000	0.0000	2.6934	97.3066	0.0000	0.0000	0.0000
ktj_Latn	84408	29.9794	0.0000	0.0000	0.0000	0.0000	0.0000	0.0000	0.0000	0.0000	0.0000	0.0000	0.0000	0.0000	0.0000	0.0000	0.0000	0.0000	0.0000	0.0000	0.0000	15.3327	54.6879	0.0000	0.0000	0.0000
kto_Latn	665609	88.5885	0.0023	0.0008	0.0021	0.0000	0.0000	0.0000	0.0018	0.0014	0.0008	0.0000	0.0000	0.0011	0.0000	0.0000	0.0000	0.0000	0.0000	0.0000	0.0000	11.3753	0.0261	0.0000	0.0000	0.0000
ktz_Latn	5101	68.1043	0.0000	0.0000	0.0000	0.0000	0.0000	0.3333	0.0000	0.0000	0.0000	0.0000	0.0000	0.0000	0.0000	0.0000	0.0000	0.0000	0.0000	0.0000	0.0000	21.8781	9.6844	0.0000	0.0000	0.0000
kwi_Latn	725044	78.9723	0.0000	0.0000	0.0000	0.0000	0.0000	0.0000	0.0000	0.0000	0.0000	0.0000	0.0000	0.0000	0.0000	0.0000	0.0000	0.0000	0.0000	0.0000	0.0000	12.3499	8.6778	0.0000	0.0000	0.0000
kxw_Latn	102159	57.9518	0.0000	0.0000	0.0000	0.0000	0.0000	0.0000	0.0000	0.0000	0.0000	0.0000	0.0000	0.0000	0.0000	0.0000	0.0000	0.0000	0.0000	0.0000	0.0000	6.9715	35.0767	0.0000	0.0000	0.0000
kyc_Latn	1077501	91.6795	0.0000	0.0000	0.0000	0.0000	0.0000	0.0000	0.0000	0.0000	0.0000	0.0000	0.0000	0.0000	0.0000	0.0000	0.0000	0.0000	0.0000	0.0000	0.0000	7.6248	0.6957	0.0000	0.0000	0.0000
kzf_Latn	7321	88.3486	0.0000	0.0000	0.0000	0.0000	0.0000	0.0000	0.0000	0.0000	0.0000	0.0000	0.0000	0.0000	0.0000	0.0000	0.0000	0.0000	0.0000	0.0000	0.0000	11.6514	0.0000	0.0000	0.0000	0.0000
lao_Laoo	1006271672	0.6196	0.0019	0.0002	0.0012	0.0012	0.0002	0.0002	0.0003	0.0001	0.0248	0.0001	0.0001	0.0001	0.0001	0.0001	0.0001	0.0000	0.0001	0.0001	0.0000	2.7683	96.5814	0.0000	0.0000	0.0000
lbb_Latn	326938	86.2885	0.0000	0.0000	0.0000	0.0000	0.0000	0.0000	0.0000	0.0000	0.0000	0.0000	0.0000	0.0000	0.0000	0.0000	0.0000	0.0000	0.0000	0.0000	0.0000	13.7011	0.0104	0.0000	0.0000	0.0000
lew_Latn	83511	89.6505	0.0000	0.0000	0.0000	0.0000	0.0000	0.0000	0.0000	0.0000	0.0000	0.0000	0.0000	0.0000	0.0000	0.0000	0.0000	0.0000	0.0000	0.0000	0.0000	10.3495	0.0000	0.0000	0.0000	0.0000
lfn_Latn	5529068	84.3894	0.0514	0.0531	0.0164	0.0236	0.0073	0.0045	0.0028	0.0111	0.0006	0.0031	0.0013	0.0005	0.0010	0.0002	0.0002	0.0002	0.0003	0.0018	0.0001	15.1398	0.2705	0.0000	0.0000	0.0207
lin_Latn	22180793	84.9492	0.0153	0.0209	0.0085	0.0025	0.0034	0.0013	0.0010	0.0016	0.0005	0.0000	0.0003	0.0004	0.0003	0.0001	0.0001	0.0002	0.0001	0.0001	0.0001	13.6712	1.3225	0.0000	0.0000	0.0002
liv_Latn	217639	84.1049	0.0276	0.0096	0.0000	0.0000	0.0000	0.0000	0.0000	0.0023	0.0000	0.0000	0.0000	0.0000	0.0000	0.0000	0.0000	0.0000	0.0000	0.0000	0.0000	9.1932	5.5192	0.0000	0.0000	1.1432
lln_Latn	9307	67.3901	0.0000	0.0000	0.0000	0.0000	0.0000	0.0000	0.0000	0.0000	0.0000	0.0000	0.0000	0.0000	0.0000	0.0000	0.0000	0.0000	0.0000	0.0000	0.0000	8.5205	24.0894	0.0000	0.0000	0.0000
lmo_Latn	32102824	84.4823	0.0246	0.0191	0.0035	0.0039	0.0007	0.0056	0.0010	0.0022	0.0001	0.0003	0.0006	0.0001	0.0001	0.0000	0.0000	0.0000	0.0000	0.0000	0.0000	15.1532	0.2982	0.0000	0.0000	0.0045
loz_Latn	6253415	88.1470	0.0001	0.0001	0.0000	0.0000	0.0000	0.0000	0.0000	0.0005	0.0000	0.0000	0.0000	0.0000	0.0000	0.0000	0.0000	0.0000	0.0000	0.0000	0.0000	11.4943	0.3579	0.0000	0.0000	0.0000
maf_Latn	7137	77.0492	0.0000	0.0000	0.0000	0.0000	0.0000	0.0000	0.0000	0.0000	0.0000	0.0000	0.0000	0.0000	0.0000	0.0000	0.0000	0.0000	0.0000	0.0000	0.0000	14.6000	8.3508	0.0000	0.0000	0.0000
maj_Latn	126289	59.7716	0.0000	0.0000	0.0000	0.0000	0.0000	0.0000	0.0000	0.0000	0.0000	0.0000	0.0000	0.0000	0.0000	0.0000	0.0000	0.0000	0.0000	0.0000	0.0000	8.1052	32.1231	0.0000	0.0000	0.0000
mam_Latn	5492190	78.6847	0.0000	0.0000	0.0000	0.0000	0.0000	0.0000	0.0000	0.0000	0.0000	0.0000	0.0000	0.0000	0.0000	0.0000	0.0000	0.0000	0.0000	0.0000	0.0000	14.3277	6.8704	0.0000	0.1171	0.0000
mar_Deva	1009782398	1.2556	0.0006	0.0002	0.0022	0.0001	0.0001	0.0000	88.8388	0.0000	0.0001	0.0000	0.0000	0.0003	0.0004	0.0003	0.0006	0.0004	0.0012	0.0001	0.0000	6.8884	3.0105	0.0000	0.0000	0.0001
mbs_Latn	246602	88.7556	0.0000	0.0000	0.0000	0.0000	0.0000	0.0000	0.0000	0.0000	0.0000	0.0000	0.0000	0.0000	0.0000	0.0000	0.0000	0.0000	0.0000	0.0000	0.0000	11.2444	0.0000	0.0000	0.0000	0.0000
mej_Latn	751791	92.4721	0.0000	0.0000	0.0000	0.0000	0.0000	0.0000	0.0000	0.0000	0.0000	0.0000	0.0000	0.0000	0.0000	0.0000	0.0000	0.0000	0.0000	0.0000	0.0000	7.5279	0.0000	0.0000	0.0000	0.0000
mgc_Latn	6302	74.4050	0.0000	0.0000	0.0000	0.0000	0.0000	0.0000	0.0000	0.0000	0.0000	0.0000	0.0000	0.0000	0.0000	0.0000	0.0000	0.0000	0.0000	0.0000	0.0000	13.9797	11.6154	0.0000	0.0000	0.0000
mhw_Latn	92965	88.9044	0.0000	0.0000	0.0000	0.0000	0.0000	0.0000	0.0000	0.0000	0.1775	0.0000	0.0000	0.0000	0.0000	0.0000	0.0000	0.0000	0.0000	0.0000	0.0000	10.4642	0.4539	0.0000	0.0000	0.0000
mih_Latn	203448	76.4810	0.0000	0.0000	0.0000	0.0000	0.0000	0.0000	0.0000	0.0000	0.0000	0.0000	0.0000	0.0000	0.0000	0.0000	0.0000	0.0000	0.0000	0.0000	0.0000	6.9290	16.5900	0.0000	0.0000	0.0000
mil_Latn	1252105	66.6284	0.0000	0.0000	0.0000	0.0000	0.0000	0.0000	0.0000	0.0000	0.0000	0.0000	0.0000	0.0000	0.0000	0.0000	0.0000	0.0000	0.0000	0.0000	0.0000	11.1972	22.1743	0.0000	0.0000	0.0000
mkl_Latn	161117	34.5705	0.0000	0.0000	0.0000	0.0000	0.0000	0.0000	0.0000	0.0000	0.0000	0.0000	0.0000	0.0000	0.0000	0.0000	0.0000	0.0000	0.0000	0.0000	0.0000	5.4706	59.9589	0.0000	0.0000	0.0000
mkn_Latn	563356	84.4920	0.0000	0.0043	0.0000	0.0000	0.0000	0.0000	0.0000	0.0000	0.0000	0.0000	0.0000	0.0000	0.0000	0.0000	0.0000	0.0000	0.0000	0.0000	0.0000	14.1751	1.3286	0.0000	0.0000	0.0000
mlt_Latn	691737422	76.5734	0.0271	0.0170	0.0047	0.0185	0.0066	0.0087	0.0025	0.0026	0.0025	0.0003	0.0003	0.0002	0.0001	0.0000	0.0001	0.0000	0.0000	0.0001	0.0000	10.3608	12.9741	0.0000	0.0000	0.0002
mog_Latn	19962	83.9545	0.0000	0.0000	0.0000	0.0000	0.0000	0.0000	0.0000	0.0000	0.0000	0.0000	0.0000	0.0000	0.0000	0.0000	0.0000	0.0000	0.0000	0.0000	0.0000	10.7254	5.3201	0.0000	0.0000	0.0000
mor_Latn	13347	49.0822	0.0000	0.0000	0.0000	0.0000	0.0000	0.0000	0.0000	0.0000	0.0000	0.0000	0.0000	0.0000	0.0000	0.0000	0.0000	0.0000	0.0000	0.0000	0.0000	5.5743	45.3435	0.0000	0.0000	0.0000
mox_Latn	714063	78.7880	0.0000	0.0000	0.0000	0.0000	0.0000	0.0000	0.0000	0.0000	0.0000	0.0000	0.0000	0.0000	0.0000	0.0000	0.0000	0.0000	0.0000	0.0000	0.0000	21.2036	0.0084	0.0000	0.0000	0.0000
msc_Latn	24026	61.3419	0.0000	0.0000	0.0000	0.0000	0.0000	0.0000	0.0000	0.0000	0.0000	0.0000	0.0000	0.0000	0.0000	0.0000	0.0000	0.0000	0.0000	0.0000	0.0000	8.8737	29.7844	0.0000	0.0000	0.0000
msy_Latn	1882427	69.3524	0.0000	0.0000	0.0000	0.0000	0.0000	0.0000	0.0000	0.0000	0.0000	0.0000	0.0000	0.0000	0.0000	0.0000	0.0000	0.0000	0.0000	0.0000	0.0000	9.6174	21.0302	0.0000	0.0000	0.0000
mux_Latn	930026	84.5985	0.0001	0.0000	0.0000	0.0000	0.0000	0.0000	0.0000	0.0000	0.0000	0.0000	0.0000	0.0000	0.0000	0.0000	0.0000	0.0000	0.0000	0.0000	0.0000	12.3644	3.0370	0.0000	0.0000	0.0000
mwm_Latn	18975	50.6140	0.0000	0.0000	0.0000	0.0000	0.0000	0.0632	0.0000	0.0000	0.0000	0.0000	0.0000	0.0000	0.0000	0.0000	0.0000	0.0000	0.0000	0.0000	0.0000	8.5955	39.7470	0.0000	0.0000	0.9802
myk_Latn	284805	59.5688	0.0000	0.0035	0.0000	0.0000	0.0000	0.0000	0.0000	0.0000	0.0000	0.0000	0.0000	0.0000	0.0000	0.0000	0.0000	0.0000	0.0000	0.0000	0.0000	9.2481	31.1796	0.0000	0.0000	0.0000
myu_Latn	152620	80.5307	0.0000	0.0000	0.0000	0.0000	0.0000	0.0000	0.0000	0.0000	0.0000	0.0000	0.0000	0.0000	0.0000	0.0000	0.0000	0.0000	0.0000	0.0000	0.0000	11.5869	7.8823	0.0000	0.0000	0.0000
myx_Latn	64574	89.7792	0.0000	0.0000	0.0000	0.0000	0.0000	0.0000	0.0000	0.0000	0.0000	0.0000	0.0000	0.0000	0.0000	0.0000	0.0000	0.0000	0.0000	0.0000	0.0000	10.1930	0.0279	0.0000	0.0000	0.0000
nab_Latn	1070431	53.8936	0.0000	0.0000	0.0000	0.0000	0.0000	0.0000	0.0000	0.0000	0.0000	0.0000	0.0000	0.0000	0.0000	0.0000	0.0000	0.0000	0.0000	0.0000	0.0000	39.5023	6.6041	0.0000	0.0000	0.0000
nah_Latn	2923190	85.8597	0.0539	0.0204	0.0130	0.0248	0.0062	0.0096	0.0047	0.0083	0.0031	0.0012	0.0023	0.0025	0.0006	0.0004	0.0017	0.0005	0.0000	0.0005	0.0001	12.3075	0.7140	0.0000	0.0000	0.9649
nbl_Latn	4877602	89.2093	0.0000	0.0000	0.0000	0.0000	0.0000	0.0000	0.0000	0.0003	0.0000	0.0000	0.0000	0.0000	0.0000	0.0000	0.0000	0.0000	0.0000	0.0000	0.0000	10.7867	0.0037	0.0000	0.0000	0.0000
ncq_Laoo	177887	0.0000	0.0000	0.0000	0.0000	0.0000	0.0000	0.0000	0.0000	0.0000	0.0000	0.0000	0.0000	0.0000	0.0000	0.0000	0.0000	0.0000	0.0000	0.0000	0.0000	8.6836	91.3164	0.0000	0.0000	0.0000
nhy_Latn	372723	91.5345	0.0000	0.0000	0.0000	0.0000	0.0000	0.0000	0.0000	0.0000	0.0000	0.0000	0.0000	0.0000	0.0000	0.0000	0.0000	0.0000	0.0000	0.0000	0.0000	8.4645	0.0011	0.0000	0.0000	0.0000
nii_Latn	612436	86.3444	0.0000	0.0000	0.0000	0.0000	0.0000	0.0000	0.0000	0.0000	0.0000	0.0000	0.0000	0.0000	0.0000	0.0000	0.0000	0.0000	0.0000	0.0000	0.0000	13.6556	0.0000	0.0000	0.0000	0.0000
nij_Latn	721817	87.8458	0.0000	0.0000	0.0000	0.0000	0.0000	0.0000	0.0004	0.0000	0.0000	0.0000	0.0000	0.0000	0.0000	0.0000	0.0000	0.0000	0.0000	0.0000	0.0000	12.1532	0.0006	0.0000	0.0000	0.0000
njn_Latn	59551	88.2168	0.0000	0.0000	0.0000	0.0000	0.0000	0.0000	0.0000	0.0000	0.0000	0.0000	0.0000	0.0000	0.0000	0.0000	0.0000	0.0000	0.0000	0.0000	0.0000	11.4725	0.3107	0.0000	0.0000	0.0000
nng_Latn	6278	86.6996	0.0000	0.0000	0.0000	0.0000	0.0000	0.0000	0.0000	0.0000	0.0000	0.0000	0.0000	0.0000	0.0000	0.0000	0.0000	0.0000	0.0000	0.0000	0.0000	13.3004	0.0000	0.0000	0.0000	0.0000
nno_Latn	971038984	87.3284	0.0088	0.0033	0.0062	0.0017	0.0006	0.0003	0.0006	0.0025	0.0003	0.0001	0.0001	0.0001	0.0001	0.0000	0.0000	0.0000	0.0000	0.0000	0.0000	12.5704	0.0759	0.0000	0.0000	0.0006
nob_Latn	1001329884	89.0803	0.0395	0.0053	0.0041	0.0020	0.0009	0.0007	0.0030	0.0007	0.0019	0.0001	0.0001	0.0000	0.0003	0.0000	0.0000	0.0000	0.0000	0.0000	0.0001	10.7500	0.1105	0.0000	0.0000	0.0002
nod_Thai	463017	0.8207	0.0147	0.0002	0.0000	0.0004	0.0004	0.0000	0.0080	0.0000	82.2916	0.0000	0.0000	0.0253	0.0000	0.0000	0.0000	0.0000	0.0000	0.0000	0.0406	5.4534	11.3447	0.0000	0.0000	0.0000
nog_Cyrl	2078869	0.3642	90.8136	0.0000	0.0155	0.0000	0.0000	0.0000	0.0000	0.0000	0.0000	0.0000	0.0000	0.0000	0.0000	0.0000	0.0000	0.0000	0.0000	0.0000	0.0000	8.7248	0.0588	0.0000	0.0000	0.0229
npi_Deva	1000495849	0.2242	0.0003	0.0000	0.0025	0.0007	0.0007	0.0004	91.0559	0.0000	0.0000	0.0000	0.0000	0.0001	0.0000	0.0000	0.0000	0.0000	0.0000	0.0000	0.0000	6.0697	2.6453	0.0000	0.0000	0.0000
ntr_Latn	957854	51.2842	0.0000	0.0000	0.0000	0.0000	0.0000	0.0000	0.0000	0.0000	0.0000	0.0000	0.0000	0.0000	0.0000	0.0000	0.0000	0.0000	0.0000	0.0000	0.0000	6.1575	42.5583	0.0000	0.0000	0.0000
nuy_Latn	356436	85.3620	0.0000	0.0000	0.0000	0.0000	0.0000	0.0000	0.0000	0.0000	0.0000	0.0000	0.0000	0.0000	0.0000	0.0000	0.0000	0.0000	0.0000	0.0000	0.0000	9.5181	5.1199	0.0000	0.0000	0.0000
obo_Latn	17454	87.3439	0.0000	0.0000	0.0000	0.0000	0.0000	0.0000	0.0000	0.0000	0.0000	0.0000	0.0000	0.0000	0.0000	0.0000	0.0000	0.0000	0.0000	0.0000	0.0000	12.6561	0.0000	0.0000	0.0000	0.0000
oke_Latn	128897	83.2905	0.0000	0.0000	0.0000	0.0000	0.0000	0.0000	0.0000	0.0000	0.0000	0.0000	0.0000	0.0000	0.0000	0.0000	0.0000	0.0000	0.0000	0.0000	0.0000	14.9530	1.7564	0.0000	0.0000	0.0000
oss_Cyrl	98274148	15.1039	68.5626	0.0216	0.0957	0.0424	0.0002	0.0215	0.0375	0.0170	0.0050	0.0277	0.0383	0.0178	0.0108	0.0026	0.0023	0.0160	0.0030	0.0051	0.0039	9.7770	6.1719	0.0000	0.0000	0.0161
pag_Latn	3367055	86.6100	0.0026	0.0010	0.0031	0.0227	0.0519	0.0011	0.0007	0.0012	0.0010	0.0002	0.0003	0.0001	0.0001	0.0000	0.0000	0.0000	0.0000	0.0000	0.0001	13.2368	0.0667	0.0000	0.0000	0.0002
plt_Latn	349133812	87.4323	0.0590	0.0110	0.0691	0.0739	0.0145	0.0172	0.0027	0.0051	0.0013	0.0004	0.0007	0.0154	0.0003	0.0001	0.0001	0.0013	0.0001	0.0001	0.0005	12.1427	0.1516	0.0000	0.0000	0.0006
pny_Latn	1042	54.3186	0.0000	0.0000	0.0000	0.0000	0.0000	0.0000	0.0000	0.0000	0.0000	0.0000	0.0000	0.0000	0.0000	0.0000	0.0000	0.0000	0.0000	0.0000	0.0000	10.5566	35.1248	0.0000	0.0000	0.0000
poe_Latn	22360	74.0832	0.0000	0.0000	0.0000	0.0000	0.0000	0.0000	0.0000	0.0000	0.0000	0.0000	0.0000	0.0000	0.0000	0.0000	0.0000	0.0000	0.0000	0.0000	0.0000	7.1243	18.7925	0.0000	0.0000	0.0000
pon_Latn	4908403	87.9076	0.0000	0.0000	0.0020	0.0181	0.0212	0.0000	0.0000	0.0000	0.0005	0.0000	0.0000	0.0000	0.0000	0.0000	0.0000	0.0000	0.0000	0.0000	0.0000	12.0068	0.0438	0.0000	0.0000	0.0000
por_Latn	1002751777	86.0352	0.0138	0.0040	0.0064	0.0058	0.0018	0.0015	0.0005	0.0030	0.0012	0.0001	0.0000	0.0000	0.0003	0.0000	0.0000	0.0001	0.0000	0.0000	0.0000	13.8649	0.0605	0.0000	0.0000	0.0007
pov_Latn	30183	88.6559	0.0000	0.0000	0.0000	0.0000	0.0000	0.0000	0.0000	0.0000	0.0133	0.0000	0.0000	0.0000	0.0000	0.0000	0.0000	0.0000	0.0000	0.0000	0.0000	11.0393	0.2584	0.0000	0.0000	0.0331
poy_Latn	87725	89.8376	0.0000	0.0000	0.0000	0.0000	0.0000	0.0000	0.0000	0.0000	0.0000	0.0000	0.0000	0.0000	0.0000	0.0000	0.0000	0.0000	0.0000	0.0000	0.0000	10.1624	0.0000	0.0000	0.0000	0.0000
qug_Latn	6860493	66.8181	1.0364	0.0000	3.9682	0.3423	0.1358	0.3467	2.2233	1.9088	0.1974	0.0000	0.0000	0.0000	0.0000	0.0000	0.0000	0.0000	0.0000	0.0000	0.0000	13.3490	9.6720	0.0000	0.0000	0.0021
qxn_Latn	275134	90.8594	0.0000	0.0000	0.0000	0.0000	0.0000	0.0000	0.0000	0.0000	0.0000	0.0000	0.0000	0.0000	0.0000	0.0000	0.0000	0.0000	0.0000	0.0000	0.0000	8.9814	0.1592	0.0000	0.0000	0.0000
rmc_Latn	2079605	85.0282	0.0016	0.0133	0.0000	0.0015	0.0023	0.0000	0.0000	0.0000	0.0000	0.0000	0.0000	0.0000	0.0000	0.0000	0.0000	0.0000	0.0000	0.0000	0.0000	14.3961	0.5561	0.0000	0.0000	0.0009
ron_Cyrl	4920185	0.6501	86.7478	0.0009	0.0036	0.0008	0.0020	0.0000	0.0000	0.0000	0.0000	0.0000	0.0000	0.0000	0.0000	0.0000	0.0000	0.0000	0.0000	0.0000	0.0000	11.5727	1.0220	0.0000	0.0000	0.0001
ron_Latn	1009067594	85.8481	0.1048	0.0038	0.0036	0.0024	0.0012	0.0007	0.0010	0.0006	0.0009	0.0001	0.0002	0.0001	0.0000	0.0000	0.0000	0.0000	0.0000	0.0000	0.0000	12.7623	1.2698	0.0000	0.0000	0.0002
rro_Latn	472921	84.6659	0.0000	0.0000	0.0000	0.0000	0.0000	0.0000	0.0000	0.0000	0.0000	0.0000	0.0000	0.0000	0.0000	0.0000	0.0000	0.0000	0.0000	0.0000	0.0000	14.6143	0.7198	0.0000	0.0000	0.0000
rub_Latn	36752	66.5596	0.0000	0.0000	0.0000	0.0000	0.0000	0.0000	0.0000	0.0000	0.0000	0.0000	0.0000	0.0000	0.0000	0.0000	0.0000	0.0000	0.0000	0.0000	0.0000	8.5193	24.9211	0.0000	0.0000	0.0000
sab_Latn	430665	91.6608	0.0000	0.0000	0.0000	0.0000	0.0000	0.0000	0.0000	0.0000	0.0000	0.0000	0.0000	0.0000	0.0000	0.0000	0.0000	0.0000	0.0000	0.0000	0.0000	7.2534	1.0858	0.0000	0.0000	0.0000
sag_Latn	7749229	86.4460	0.0367	0.0000	0.0055	0.0018	0.0000	0.0001	0.0002	0.0039	0.0000	0.0000	0.0000	0.0364	0.0000	0.0000	0.0000	0.0000	0.0000	0.0000	0.0000	13.1890	0.2654	0.0000	0.0000	0.0149
san_Latn	29538984	58.2909	0.0206	0.0000	0.0000	0.0450	0.0001	0.0000	7.7322	0.0000	0.2653	0.0000	0.0000	0.0001	0.0001	0.0000	0.0000	0.0000	0.0000	0.0000	0.0000	14.8831	18.7243	0.0000	0.0000	0.0385
sba_Latn	103757	63.2979	0.0000	0.0000	0.0000	0.0000	0.0000	0.0000	0.0000	0.0000	0.0000	0.0000	0.0000	0.0000	0.0000	0.0000	0.0000	0.0000	0.0000	0.0000	0.0000	9.6842	27.0179	0.0000	0.0000	0.0000
scn_Latn	16109484	84.0757	0.0313	0.0342	0.0151	0.0106	0.0014	0.0066	0.0005	0.0043	0.0131	0.0002	0.0012	0.0001	0.0005	0.0000	0.0000	0.0001	0.0000	0.0000	0.0000	15.6611	0.1424	0.0001	0.0000	0.0017
sdh_Arab	209792216	0.5563	0.0010	0.0000	49.1123	0.0005	0.0006	0.0000	0.0018	0.0006	0.0048	0.0010	0.0000	0.0000	0.0000	0.0000	0.0000	0.0000	0.0000	0.0000	0.0000	3.8540	46.3831	0.0000	0.0000	0.0840
ses_Latn	46942	78.6396	0.0000	0.0000	0.0000	0.0000	0.0000	0.0000	0.0000	0.0000	0.0000	0.0000	0.0000	0.0000	0.0000	0.0000	0.0000	0.0000	0.0000	0.0000	0.0000	13.5082	7.8522	0.0000	0.0000	0.0000
shk_Latn	72018	60.4446	0.0000	0.0000	0.0000	0.0000	0.0000	0.0000	0.0000	0.0000	0.0000	0.0000	0.0000	0.0000	0.0000	0.0000	0.0000	0.0000	0.0000	0.0000	0.0000	11.0334	26.9210	0.0000	1.6010	0.0000
shu_Arab	17820	0.3311	0.0000	0.0000	93.0808	0.0000	0.0000	0.0000	0.0000	0.0000	0.0000	0.0000	0.0000	0.0000	0.0000	0.0000	0.0000	0.0000	0.0000	0.0000	0.0000	6.5881	0.0000	0.0000	0.0000	0.0000
sjo_Mong	23584	8.8238	0.0212	0.0000	0.0000	0.6487	0.0000	0.0000	0.0000	0.0000	0.0000	0.0000	0.0000	0.0000	0.0000	0.0000	0.0000	0.0000	0.0000	0.0000	0.0000	2.4720	88.0343	0.0000	0.0000	0.0000
skr_Arab	6286071	0.3365	0.0017	0.0018	77.0856	0.0004	0.0000	0.0000	0.0065	0.0027	0.0003	0.0000	0.0000	0.0010	0.0002	0.0000	0.0000	0.0000	0.0002	0.0011	0.0000	9.0379	7.8966	0.0000	0.0000	5.6274
smj_Latn	1878898	91.3991	0.0011	0.0000	0.0001	0.0001	0.0000	0.0000	0.0002	0.0001	0.0000	0.0000	0.0000	0.0000	0.0000	0.0000	0.0000	0.0000	0.0000	0.0000	0.0000	8.0034	0.5959	0.0000	0.0000	0.0000
sml_Latn	803860	78.3740	0.0000	0.0000	0.0001	0.0000	0.0000	0.0000	0.0000	0.0000	0.0000	0.0000	0.0000	0.0000	0.0000	0.0000	0.0000	0.0000	0.0000	0.0000	0.0000	14.1834	6.8748	0.0000	0.0000	0.5676
snf_Latn	544673	67.4608	0.0000	0.0000	0.0000	0.0000	0.0000	0.0000	0.0000	0.0000	0.0000	0.0000	0.0000	0.0000	0.0000	0.0000	0.0000	0.0000	0.0000	0.0000	0.0000	10.5199	22.0193	0.0000	0.0000	0.0000
spy_Latn	1030397	79.7605	0.0000	0.0000	0.0000	0.0000	0.0000	0.0000	0.0000	0.0000	0.0000	0.0000	0.0000	0.0000	0.0000	0.0000	0.0000	0.0000	0.0000	0.0000	0.0000	11.1347	4.3705	0.0000	0.0000	4.7342
srd_Latn	26496692	88.0085	0.0104	0.0102	0.0039	0.0032	0.0024	0.0002	0.0005	0.0015	0.0001	0.0004	0.0004	0.0000	0.0001	0.0000	0.0000	0.0000	0.0000	0.0000	0.0000	11.6825	0.2735	0.0000	0.0000	0.0022
ssg_Latn	421235	88.3464	0.0095	0.0000	0.0000	0.0000	0.0000	0.0000	0.0000	0.0000	0.0000	0.0000	0.0000	0.0000	0.0000	0.0000	0.0000	0.0000	0.0000	0.0000	0.0000	11.6441	0.0000	0.0000	0.0000	0.0000
stq_Latn	3329136	83.7336	0.0101	0.0220	0.0022	0.0040	0.0002	0.0011	0.0001	0.0185	0.0074	0.0002	0.0000	0.0000	0.0002	0.0000	0.0000	0.0000	0.0000	0.0000	0.0002	16.1028	0.0885	0.0000	0.0000	0.0088
swh_Latn	1010024611	91.3169	0.0125	0.0027	0.1756	0.0051	0.0034	0.0063	0.0052	0.0013	0.0012	0.0001	0.0004	0.0005	0.0001	0.0000	0.0000	0.0000	0.0000	0.0000	0.0000	8.4020	0.0662	0.0000	0.0000	0.0003
sxb_Latn	198360	90.0610	0.0000	0.0000	0.0000	0.0000	0.0000	0.0000	0.0000	0.0000	0.0000	0.0000	0.0000	0.0000	0.0000	0.0000	0.0000	0.0000	0.0000	0.0000	0.0000	9.9330	0.0060	0.0000	0.0000	0.0000
sxn_Latn	261440	75.6422	0.0000	0.0000	0.0000	0.0000	0.0000	0.0000	0.0000	0.0000	0.0000	0.0000	0.0000	0.0000	0.0000	0.0000	0.0000	0.0000	0.0000	0.0000	0.0000	10.0945	14.2633	0.0000	0.0000	0.0000
syl_Latn	38689	76.0371	0.0000	0.0000	0.0000	0.0000	0.0000	0.0000	0.0000	0.0000	0.0000	0.0000	0.0000	0.0879	0.0000	0.0000	0.0000	0.0000	0.0000	0.0000	0.0000	9.2895	14.5855	0.0000	0.0000	0.0000
tav_Latn	216274	69.0365	0.0000	0.0000	0.0000	0.0000	0.0000	0.0000	0.0000	0.0000	0.0000	0.0000	0.0000	0.0000	0.0000	0.0000	0.0000	0.0000	0.0000	0.0000	0.0000	7.7235	23.2400	0.0000	0.0000	0.0000
tbk_Latn	6992	82.4800	0.0000	0.0000	0.0000	0.0000	0.0000	0.0000	0.0000	0.0000	0.0000	0.0000	0.0000	0.0000	0.0000	0.0000	0.0000	0.0000	0.0000	0.0000	0.0000	10.1688	7.3513	0.0000	0.0000	0.0000
tbw_Latn	2508	72.0494	0.0000	0.0000	0.0000	0.0000	0.0000	0.0000	0.0000	0.0000	0.0000	0.0000	0.0000	0.0000	0.0000	0.0000	0.0000	0.0000	0.0000	0.0000	0.0000	10.3668	17.5837	0.0000	0.0000	0.0000
tca_Latn	1475941	76.3715	0.0000	0.0000	0.0000	0.0000	0.0000	0.0000	0.0000	0.0000	0.0000	0.0000	0.0000	0.0000	0.0000	0.0000	0.0000	0.0000	0.0000	0.0000	0.0000	5.6620	17.9665	0.0000	0.0000	0.0000
tcs_Latn	149168	89.6399	0.0000	0.0000	0.0000	0.0000	0.0000	0.0000	0.0000	0.0000	0.0000	0.0000	0.0000	0.0000	0.0000	0.0000	0.0000	0.0000	0.0000	0.0000	0.0000	10.3561	0.0040	0.0000	0.0000	0.0000
tcy_Knda	4795630	0.6006	0.0001	0.0003	0.0011	0.0001	0.0001	0.0000	0.2315	0.0005	0.0000	0.0000	0.0000	0.0008	0.0010	0.0018	87.9855	0.0010	0.0004	0.0000	0.0000	7.5730	3.6021	0.0000	0.0000	0.0003
tcz_Latn	6990317	89.8777	0.0013	0.0002	0.0051	0.0046	0.0145	0.0000	0.0000	0.0540	0.0000	0.0000	0.0000	0.0000	0.0000	0.0000	0.0000	0.0000	0.0000	0.0000	0.0000	9.9303	0.1075	0.0000	0.0000	0.0049
thk_Latn	743273	89.3038	0.0000	0.0000	0.0000	0.0000	0.0000	0.0000	0.0000	0.0000	0.0000	0.0000	0.0000	0.0000	0.0000	0.0000	0.0000	0.0000	0.0000	0.0000	0.0000	10.3020	0.3942	0.0000	0.0000	0.0000
tly_Latn	3391193	82.0348	1.1570	0.0290	0.2220	0.0637	0.0001	0.0181	0.0938	0.0286	0.0054	0.0497	0.0324	0.0378	0.0185	0.0063	0.0070	0.0218	0.0062	0.0104	0.0108	14.4508	1.6000	0.0000	0.0001	0.0955
ton_Latn	11487620	74.0654	0.0120	0.0042	0.2996	0.0250	0.0028	0.0225	0.0167	0.0003	0.0001	0.0000	0.0000	0.0015	0.0000	0.0000	0.0000	0.0000	0.0000	0.0000	0.0000	25.0020	0.3865	0.0000	0.0000	0.1612
tpt_Latn	891801	79.6261	0.0000	0.0000	0.0000	0.0000	0.0000	0.0000	0.0000	0.0000	0.0000	0.0000	0.0000	0.0000	0.0000	0.0000	0.0000	0.0000	0.0000	0.0000	0.0000	15.8898	4.4842	0.0000	0.0000	0.0000
trc_Latn	429002	54.5743	0.0000	0.0000	0.0000	0.0000	0.0000	0.0000	0.0000	0.0000	0.0000	0.0000	0.0000	0.0000	0.0000	0.0000	0.0000	0.0000	0.0000	0.0000	0.0000	6.7741	38.6511	0.0000	0.0005	0.0000
